9
6
7
0 1 80
1 2 50
0 4 40
4 3 30
3 5 40
4 2 10
2 5 50
8
11
0 3 1
0 2 1
0 1 1
1 6 1
1 4 1
1 5 1
2 5 1
3 5 1
4 7 1
6 7 1
5 7 1
4
5
0 1 8
0 2 8
1 3 8
2 3 8
2 1 1
5
7
0 2 5
0 3 3
2 3 2
2 1 3
2 4 99
3 1 6
1 4 99
5
7
0 2 99
0 3 99
2 3 2
2 1 3
2 4 3
3 1 6
1 4 4
5
7
0 2 99
0 3 3
2 3 2
2 1 3
2 4 3
3 1 6
1 4 99
8
15
0 1 10
0 2 5
0 3 15
1 4 9
1 5 15
1 2 4
2 5 8
2 3 4
3 6 16
4 5 15
4 7 10
5 7 10
5 6 15
6 2 6
6 7 10
10
16
0 1 5
0 2 8
0 9 7
0 3 3
0 4 5
0 5 7
1 9 4
2 9 9
3 6 1
4 7 4
5 8 6
5 6 1
5 7 2
6 9 1
7 9 6
8 9 5
6
7
0 1 1
0 2 3
1 4 99
2 4 99
1 3 99
3 5 2
4 5 2
